Number bit;State;Metric
0;0;1.031
0;1;-1.031
0;2;-1000000000000000019884624838656.000
0;3;-1000000000000000019884624838656.000
0;4;-1000000000000000019884624838656.000
0;5;-1000000000000000019884624838656.000
0;6;-1000000000000000019884624838656.000
0;7;-1000000000000000019884624838656.000
0;8;-1000000000000000019884624838656.000
0;9;-1000000000000000019884624838656.000
0;10;-1000000000000000019884624838656.000
0;11;-1000000000000000019884624838656.000
0;12;-1000000000000000019884624838656.000
0;13;-1000000000000000019884624838656.000
0;14;-1000000000000000019884624838656.000
0;15;-1000000000000000019884624838656.000
1;0;2.080
1;1;-0.019
1;2;0.019
1;3;-2.080
1;4;-1000000000000000019884624838656.000
1;5;-1000000000000000019884624838656.000
1;6;-1000000000000000019884624838656.000
1;7;-1000000000000000019884624838656.000
1;8;-1000000000000000019884624838656.000
1;9;-1000000000000000019884624838656.000
1;10;-1000000000000000019884624838656.000
1;11;-1000000000000000019884624838656.000
1;12;-1000000000000000019884624838656.000
1;13;-1000000000000000019884624838656.000
1;14;-1000000000000000019884624838656.000
1;15;-1000000000000000019884624838656.000
2;0;3.449
2;1;0.710
2;2;1.351
2;3;-1.388
2;4;1.275
2;5;-1.237
2;6;-0.824
2;7;-3.336
2;8;-1000000000000000019884624838656.000
2;9;-1000000000000000019884624838656.000
2;10;-1000000000000000019884624838656.000
2;11;-1000000000000000019884624838656.000
2;12;-1000000000000000019884624838656.000
2;13;-1000000000000000019884624838656.000
2;14;-1000000000000000019884624838656.000
2;15;-1000000000000000019884624838656.000
3;0;1.840
3;1;5.059
3;2;-0.899
3;3;2.319
3;4;-0.372
3;5;3.074
3;6;-3.111
3;7;0.334
3;8;-0.334
3;9;2.884
3;10;-2.847
3;11;0.372
3;12;-2.546
3;13;0.899
3;14;-5.059
3;15;-1.613
4;0;2.266
4;1;1.415
4;2;5.484
4;3;4.633
4;4;-0.587
4;5;-1.211
4;6;2.632
4;7;2.007
4;8;0.054
4;9;-0.798
4;10;3.499
4;11;2.648
4;12;-2.799
4;13;-3.423
4;14;0.647
4;15;0.022
5;0;3.878
5;1;0.653
5;2;3.027
5;3;-0.198
5;4;6.983
5;5;3.985
5;6;6.132
5;7;3.134
5;8;1.026
5;9;-2.199
5;10;0.401
5;11;-2.823
5;12;4.130
5;13;1.133
5;14;3.506
5;15;0.508
6;0;4.602
6;1;3.154
6;2;1.377
6;3;-0.070
6;4;3.637
6;5;2.416
6;6;0.413
6;7;-0.808
6;8;7.707
6;9;6.259
6;10;4.709
6;11;3.262
6;12;6.742
6;13;5.521
6;14;3.745
6;15;2.524
7;0;8.777
7;1;6.637
7;2;7.329
7;3;5.189
7;4;5.666
7;5;3.753
7;6;4.218
7;7;2.305
7;8;7.813
7;9;5.672
7;10;6.592
7;11;4.451
7;12;4.701
7;13;2.788
7;14;3.481
7;15;1.567
144;0;192.984
144;1;189.398
144;2;189.820
144;3;186.234
144;4;190.085
144;5;186.726
144;6;186.921
144;7;183.562
144;8;191.262
144;9;187.676
144;10;188.325
144;11;184.739
144;12;188.363
144;13;185.003
144;14;185.426
144;15;182.067
145;0;194.515
145;1;191.454
145;2;190.928
145;3;187.867
145;4;191.238
145;5;188.403
145;6;187.651
145;7;184.817
145;8;191.615
145;9;188.554
145;10;188.256
145;11;185.195
145;12;188.338
145;13;185.504
145;14;184.979
145;15;182.145
146;0;195.587
146;1;193.442
146;2;192.526
146;3;190.381
146;4;191.888
146;5;189.969
146;6;188.827
146;7;186.908
146;8;192.310
146;9;190.165
146;10;189.476
146;11;187.331
146;12;188.610
146;13;186.692
146;14;185.776
146;15;183.858
147;0;196.126
147;1;195.049
147;2;193.980
147;3;192.904
147;4;192.951
147;5;192.102
147;6;190.806
147;7;189.956
147;8;192.426
147;9;191.349
147;10;190.507
147;11;189.431
147;12;189.251
147;13;188.402
147;14;187.333
147;15;186.483
